9.409131557535020951e-01
9.138775992253067582e-01
9.424545713625714916e-01
9.451722813681774360e-01
9.428300554225114150e-01
9.440511394466363226e-01
9.167648817055711330e-01
9.445315903692244053e-01
9.050763768944211085e-01
9.452360161956189222e-01
9.494300870933856107e-01
9.488754088059468961e-01
9.501758715821172485e-01
9.372531744447425428e-01
9.415582112425857630e-01
9.293640936526473828e-01
9.407613449810598993e-01
9.419368612896246162e-01
9.409412665783560836e-01
9.408917000808764142e-01
9.118667820322786666e-01
9.401878605537691280e-01
9.138770718353742550e-01
9.418420878902323823e-01
9.441457676235207597e-01
9.420126541880975424e-01
9.426290032502686600e-01
9.175136284116934826e-01
9.432716916780592431e-01
8.980820326016963895e-01
9.420348186379584599e-01
9.485638274116711122e-01
9.481357808509859320e-01
9.502704862057772539e-01
8.507350489844743846e-01
8.047717099267875929e-01
7.559641894029359710e-01
7.298945973651803643e-01
7.100234512986282054e-01
6.800824694628803124e-01
6.684539384116515714e-01
6.550594735080064179e-01
6.541917571971126444e-01
6.314486947321303889e-01
6.278781511233756385e-01
6.189651374731278688e-01
5.908058913544219637e-01
5.862800740487748019e-01
5.861157668741872051e-01
5.958238142172667118e-01
5.741613629181180345e-01
5.816395880504114935e-01
5.766779739461876941e-01
5.549723136765173370e-01
5.543168476824023028e-01
5.519822335202335672e-01
5.634962081792537214e-01
5.488304137731850885e-01
5.533893183494439372e-01
5.511800897881384831e-01
5.286825788339536425e-01
5.276438639822508270e-01
5.278437723443486496e-01
5.371447669228116562e-01
5.276822878091707025e-01
5.382428091125550651e-01
5.417496798999064112e-01
5.238361292421092053e-01
5.221315284734102669e-01
5.300921854995545024e-01
5.449866786604533608e-01
5.411325742529026206e-01
5.440526298008349082e-01
5.407053055366600747e-01
5.284404468831123136e-01
5.274838070363387921e-01
5.322911298414271242e-01
5.473922672295727931e-01
5.395093294488257918e-01
5.485971699042717642e-01
5.552252294749357997e-01
5.404698132806293742e-01
5.411735460208555448e-01
5.449801205915858482e-01
5.643580026004014760e-01
5.610239647383283845e-01
5.690587932655054582e-01
5.816488194117254151e-01
5.721619872568830534e-01
5.758457023978634792e-01
5.818645111920776047e-01
6.036185042550961111e-01
6.079190022722325004e-01
6.128422224836377330e-01
6.332551315946635118e-01
6.282801609795196640e-01
6.367173730080660787e-01
6.419538870611999348e-01
6.673481290328872051e-01
6.744597537723310277e-01
6.942435956445420775e-01
7.219427284751100959e-01
7.663628786602055820e-01
7.994780600906669088e-01
8.284753453382017740e-01
9.054356506222320800e-01
9.254811471502336628e-01
9.340334136994981051e-01
9.441412027865783152e-01
9.415925091169636829e-01
9.426285424980149763e-01
9.385150588982125175e-01
9.432731016346073138e-01
9.407521865396397676e-01
9.014543852688959857e-01
9.485656356388760813e-01
9.310990504562950409e-01
9.502711737582846263e-01
9.500918980482223608e-01
9.413377261226172354e-01
9.403859194822139500e-01
9.041048664376453159e-01
9.424694169904381802e-01
9.191263639857747414e-01
9.411639364926845941e-01
9.288264556393724947e-01
9.409106814237448990e-01
9.318624637002226319e-01
8.979349260916664743e-01
9.451684481360794754e-01
9.284114833132620648e-01
9.440477841440474416e-01
9.365202314940223038e-01
9.445237476391332709e-01
9.340110756015969073e-01
8.977578165636650454e-01
9.494306964828342910e-01
9.421139882764100193e-01
9.501761284428458243e-01
8.831694400932590394e-01
8.093734950819841956e-01
7.686251261906368315e-01
7.187558826674873558e-01
7.099932287835039046e-01
6.743106466331026949e-01
6.609300332138483558e-01
6.517784538728639276e-01
6.454061148752265886e-01
6.256165872365270220e-01
6.004837255869057699e-01
6.113256133080281485e-01
5.857701712022099771e-01
5.810707361439005902e-01
5.840148894703530713e-01
5.980387504601416548e-01
5.861907476299567099e-01
5.713702866445418138e-01
5.746390432254764313e-01
5.551473872565786394e-01
5.524863617139285088e-01
5.511307250832684357e-01
5.624063339401321748e-01
5.591757857036477875e-01
5.449357367785787609e-01
5.508752664491214368e-01
5.352978272854407304e-01
5.295716738392833856e-01
5.287323033695788821e-01
5.419168338398817619e-01
5.403486934033947531e-01
5.220617654968087162e-01
5.415753277764489004e-01
5.266726786750756117e-01
5.241946204295089284e-01
5.269264083421232314e-01
5.436925920591861860e-01
5.396477962747087131e-01
5.270524616736694812e-01
5.414882205233622070e-01
5.305752160550468721e-01
5.268803242430557532e-01
5.284258461608143387e-01
5.440607909847250401e-01
5.433609087180015784e-01
5.348516965830889536e-01
5.526806754874239447e-01
5.483837073321956579e-01
5.417274523139428144e-01
5.424386738385557072e-01
5.625339883487010528e-01
5.674124521082806183e-01
5.550642348610724808e-01
5.828895096175568113e-01
5.774105670398513857e-01
5.738384367412182607e-01
5.796467841062140636e-01
6.011601113907777405e-01
6.114528520871366224e-01
5.967688812310287805e-01
6.293438315856568765e-01
6.217005224196395785e-01
6.356745392156223362e-01
6.402475048173708050e-01
6.635671130843660004e-01
6.761853728316200574e-01
6.771543588618554876e-01
7.221398132398948455e-01
7.410089711685385883e-01
7.941839803692823940e-01
8.285247542532647724e-01
8.906466536504655807e-01
9.377636846230101852e-01
9.255253259628032358e-01
9.451752332192477901e-01
9.067692443152585158e-01
9.440459885590885003e-01
9.308997012166005947e-01
9.445203965154166381e-01
9.402967770889834043e-01
9.177163719601107994e-01
9.494309822770159446e-01
9.284772652627575340e-01
9.501724070846473413e-01
