9.420980365307471960e-01
9.112105933460608043e-01
8.734080209721105659e-01
9.321854816874014515e-01
9.293863843081164866e-01
9.401484733636589208e-01
9.407252228761207036e-01
9.407218232340452957e-01
8.984262962045725942e-01
8.574377308661477182e-01
9.392392295305984629e-01
9.383542123725977513e-01
9.371411977818746575e-01
9.403704319522717681e-01
9.403899581012147291e-01
9.232119742850714017e-01
8.925537303092140329e-01
9.362610533300930182e-01
9.322835897809363948e-01
9.383690596080571655e-01
9.424891082670345810e-01
9.424886871456364945e-01
9.118903483528745246e-01
9.180182825703029348e-01
9.323779242632869169e-01
9.296688283079919124e-01
9.380222536780506992e-01
9.392282272089699235e-01
9.392164378845899719e-01
8.939765662936680624e-01
8.916326645212376834e-01
9.384095694933131115e-01
9.364962821232366563e-01
9.382473575797440901e-01
9.408390973011718783e-01
9.408562013537981050e-01
9.067318531864599906e-01
8.934258804466052029e-01
9.371806761465266700e-01
9.269143434673849935e-01
9.346763433653805242e-01
9.421137566124871965e-01
9.421104044886182693e-01
9.329409671814532512e-01
7.992382744098216474e-01
7.395116214310761826e-01
6.798626919244139533e-01
6.663913956943359196e-01
6.415626887942735834e-01
6.156004045712655248e-01
5.891799880374706255e-01
5.725594814722860804e-01
5.729652508830804791e-01
5.326292190586606745e-01
5.492808740121432054e-01
5.367416974604113378e-01
5.253726844595589807e-01
5.023571966046558313e-01
4.875378330871678600e-01
5.050671082971533998e-01
4.697102753350463900e-01
4.945474268136755835e-01
4.881461670000052377e-01
4.816597188105647409e-01
4.682113505402459852e-01
4.597630557883083946e-01
4.847655649134691713e-01
4.555283166597416944e-01
4.792277132068831214e-01
4.786327833433409173e-01
4.748496848400527437e-01
4.721281176827835657e-01
4.588270315908621333e-01
4.783581624955450806e-01
4.572920866022464059e-01
4.745857309626839715e-01
4.740216935260200271e-01
4.755273366058391238e-01
4.657747019079442330e-01
4.529935826905912011e-01
4.778789576588880483e-01
4.579177420897415085e-01
4.796014506011870848e-01
4.817720077605868734e-01
4.839231448699706784e-01
4.698062363476930847e-01
4.637915060132634659e-01
4.904291197113792578e-01
4.685460078496496705e-01
4.988073871783703095e-01
5.063468863323186131e-01
5.064009787727851153e-01
5.103900368754606953e-01
4.993192727254538443e-01
5.318899940565896545e-01
5.126834390858997503e-01
5.440801412432543227e-01
5.650400344439627798e-01
5.845160534040609868e-01
5.917473711657413871e-01
5.892159276306681015e-01
6.378540458985265671e-01
6.610833783791960627e-01
7.030566978187373639e-01
7.735276416451991599e-01
8.771321069071084109e-01
9.261282190059513253e-01
9.218408529980012256e-01
9.323664589413980242e-01
9.278222712712183018e-01
9.177812349519335333e-01
9.392183897729888820e-01
9.392244861738539008e-01
9.371958870151928522e-01
9.179297074100490894e-01
9.384008682473800045e-01
9.071956262060139053e-01
9.296201819383083098e-01
9.408371990253994177e-01
9.408500587299987172e-01
9.391886746036265388e-01
9.268716061737970469e-01
9.371789885375474416e-01
8.930393583386037060e-01
8.854812432926306709e-01
9.421172959902246458e-01
9.421158027453192529e-01
9.325776306791045966e-01
9.429800798950841445e-01
9.321574432101548124e-01
9.013092079626774389e-01
8.919270371399262709e-01
9.407204636721119284e-01
9.407331086227447292e-01
9.296286729068022892e-01
9.190567973114640576e-01
9.392252827284602867e-01
9.241932708907910632e-01
8.854315641704847417e-01
9.403486990594702721e-01
9.403767225832968535e-01
9.336543986493238689e-01
9.204811008889335344e-01
9.362453196708442338e-01
8.664766547826747711e-01
8.815115781639895065e-01
9.424848971732063818e-01
9.424897098262794426e-01
9.412734995674391092e-01
8.369834968085940741e-01
7.477885519045321949e-01
6.746132987226461930e-01
6.498611139439888218e-01
6.468030607931825049e-01
6.258095853470890813e-01
6.031642376355189628e-01
5.713078251120758955e-01
5.706747005611010337e-01
5.294295963937114546e-01
5.220824509139800895e-01
5.351698786785834550e-01
5.236209781735078339e-01
5.137165341706552146e-01
4.829031582893745789e-01
5.074466699949200521e-01
4.801225285040334190e-01
4.796608115164299191e-01
4.939678315673735054e-01
4.879083341313313893e-01
4.795888191091456920e-01
4.563167097771124725e-01
4.781583041098704800e-01
4.546896712777872551e-01
4.637827938761679425e-01
4.768523639069785491e-01
4.716473817940559643e-01
4.735897768639194538e-01
4.612960216935225732e-01
4.808086009264226912e-01
4.582070542061825180e-01
4.545363938548264149e-01
4.760706367046267373e-01
4.756491780205559516e-01
4.759928708308015510e-01
4.503216970618364456e-01
4.756672921438553914e-01
4.639824833287964911e-01
4.582542090077662000e-01
4.801794310896690399e-01
4.805708892840190316e-01
4.787924287547651869e-01
4.620287387478608232e-01
4.930199255316669582e-01
4.817875233066229446e-01
4.804744135122661075e-01
5.087299164194875045e-01
5.087166126523423593e-01
5.129716601972041934e-01
4.944552337576182954e-01
5.307534529226566322e-01
5.151179324558288197e-01
5.239321177658367024e-01
5.614005465361620040e-01
5.796247572540021986e-01
5.972617860753892671e-01
5.897084269153359815e-01
6.363219609991079828e-01
6.667873530864953935e-01
6.883616614673289114e-01
7.652189489553137269e-01
8.437872515700312048e-01
9.379853537525361107e-01
9.305005871338684065e-01
9.321847553043044465e-01
8.673426793743566066e-01
8.797940040347844715e-01
9.407307095722342583e-01
9.407315331972301298e-01
9.359164441162323156e-01
9.394751076624840991e-01
9.392262892701167543e-01
9.057598821554037061e-01
9.189735191779799806e-01
9.403747084039231208e-01
9.403807888478483701e-01
9.392578003965801337e-01
9.132684452721109292e-01
9.362468558632466298e-01
8.470084996151352463e-01
9.055278033077359678e-01
9.425057912261293191e-01
9.424901593511907372e-01
9.276486803501797773e-01
