9.420980365307468629e-01
9.112105933460604712e-01
8.734080209721105659e-01
9.321854816874011185e-01
9.293863843081165976e-01
9.401484733636590319e-01
9.407252228761204815e-01
9.407218232340454067e-01
8.984262962045722611e-01
8.574377308661477182e-01
9.392392295305986849e-01
9.383542123725977513e-01
9.371411977818745465e-01
9.403704319522717681e-01
9.403899581012142850e-01
9.232119742850711797e-01
8.925537303092142549e-01
9.362610533300927962e-01
9.322835897809362837e-01
9.383690596080572766e-01
9.424891082670346920e-01
9.424886871456363835e-01
9.118903483528743026e-01
9.180182825703029348e-01
9.323779242632868058e-01
9.296688283079921344e-01
9.380222536780509213e-01
9.392282272089697015e-01
9.392164378845901940e-01
8.939765662936679513e-01
8.916326645212377944e-01
9.384095694933126675e-01
9.364962821232366563e-01
9.382473575797442011e-01
9.408390973011719893e-01
9.408562013537981050e-01
9.067318531864598796e-01
8.934258804466050918e-01
9.371806761465266700e-01
9.269143434673847715e-01
9.346763433653805242e-01
9.421137566124871965e-01
9.421104044886181583e-01
9.329409671814532512e-01
7.849115313466545896e-01
7.355387013806006236e-01
6.815835396128255841e-01
6.619685760685763976e-01
6.284772458960566910e-01
6.057393276201498145e-01
5.781671831341599344e-01
5.593501656544861422e-01
5.595546460837140801e-01
5.174199484284888184e-01
5.401122247377359020e-01
5.335882491773437097e-01
5.234319868356611671e-01
4.994767775564926682e-01
4.827423252079018900e-01
5.000105259342144670e-01
4.675472259760237170e-01
4.962920749697971590e-01
4.945802449265520595e-01
4.854149170797075197e-01
4.808903884006236473e-01
4.734230135346733093e-01
4.964017144252463321e-01
4.739260408264619473e-01
4.995808311633889165e-01
4.982929463811287540e-01
5.005582420005100230e-01
4.957474892776573272e-01
4.831409224296926430e-01
4.963702517246082468e-01
4.681179978115481144e-01
4.905482677657281299e-01
4.934291108692997474e-01
4.945606927796322716e-01
4.818726532097399873e-01
4.657818743882969903e-01
4.855422367875266154e-01
4.613782271535730728e-01
4.840379743749284036e-01
4.898804934624164109e-01
4.891862185151429343e-01
4.869218700232768593e-01
4.890265035573807539e-01
5.122847574332962672e-01
4.927554906618564212e-01
5.247081651042370121e-01
5.303672772251001311e-01
5.414164487010887372e-01
5.441582896536805158e-01
5.317426733247596626e-01
5.586744804572528755e-01
5.407298788174176307e-01
5.716497398680300268e-01
5.918693255872029546e-01
6.075603710503230115e-01
6.166620186577306262e-01
6.120218188362739342e-01
6.534762366991671012e-01
6.794248040562707036e-01
7.156333137054780025e-01
7.861924542356949486e-01
8.883343006776651674e-01
9.261282190059514363e-01
9.218408529980013366e-01
9.323664589413979131e-01
9.278222712712183018e-01
9.177812349519336443e-01
9.392183897729884379e-01
9.392244861738537898e-01
9.371958870151927412e-01
9.179297074100493115e-01
9.384008682473800045e-01
9.071956262060139053e-01
9.296201819383083098e-01
9.408371990253997508e-01
9.408500587299989393e-01
9.391886746036268718e-01
9.268716061737969358e-01
9.371789885375474416e-01
8.930393583386037060e-01
8.854812432926304488e-01
9.421172959902247568e-01
9.421158027453192529e-01
9.325776306791048187e-01
9.429800798950841445e-01
9.321574432101548124e-01
9.013092079626775499e-01
8.919270371399264929e-01
9.407204636721118174e-01
9.407331086227446182e-01
9.296286729068026222e-01
9.190567973114641687e-01
9.392252827284605088e-01
9.241932708907910632e-01
8.854315641704847417e-01
9.403486990594698280e-01
9.403767225832965204e-01
9.336543986493239800e-01
9.204811008889334234e-01
9.362453196708442338e-01
8.664766547826748821e-01
8.815115781639893955e-01
9.424848971732062708e-01
9.424897098262791095e-01
9.412734995674387761e-01
8.331241913677365218e-01
7.459034728396384262e-01
6.710276985250757109e-01
6.383793485933895173e-01
6.340242819348569370e-01
6.102892649129234570e-01
5.893783455850369890e-01
5.595542920741519710e-01
5.646574160357834549e-01
5.258065290640091538e-01
5.159403829183114576e-01
5.377802712717414391e-01
5.273749701550731750e-01
5.153419025405729936e-01
4.819566299206750060e-01
5.020026200080052181e-01
4.728759494151597575e-01
4.809634794326791973e-01
4.979473473278566154e-01
4.910825738258812190e-01
4.905316341595473140e-01
4.863455063066285944e-01
5.019525238719537708e-01
4.793022525321762872e-01
4.885118300255729129e-01
5.022227697087207066e-01
5.054621813839961231e-01
5.003518685217702711e-01
4.828521406054811504e-01
4.954942429517653624e-01
4.797557034726449010e-01
4.701128712682116628e-01
4.995618918564111999e-01
4.996522407958752798e-01
4.963763371450238826e-01
4.715181592030279756e-01
4.901570954874959196e-01
4.761140379451921367e-01
4.692520194960743130e-01
4.893047084756389498e-01
4.856803652606992427e-01
4.867585464757979707e-01
4.801649519243265107e-01
5.063458256930100099e-01
4.980496126080064534e-01
4.982941578889474865e-01
5.237720462509937169e-01
5.329496138756678603e-01
5.387809905511035113e-01
5.266018930171120216e-01
5.546449207767540912e-01
5.407989153453542919e-01
5.418048447613659224e-01
5.748125531129313348e-01
5.960594976101616371e-01
6.097620708934258227e-01
6.074711084528439109e-01
6.421775048973328293e-01
6.555710612348971678e-01
6.876082625379966728e-01
7.781740311670469756e-01
8.502047133908586796e-01
9.379853537525361107e-01
9.305005871338685175e-01
9.321847553043044465e-01
8.673426793743567176e-01
8.797940040347845825e-01
9.407307095722343693e-01
9.407315331972300188e-01
9.359164441162323156e-01
9.394751076624840991e-01
9.392262892701168653e-01
9.057598821554035950e-01
9.189735191779799806e-01
9.403747084039228987e-01
9.403807888478484811e-01
9.392578003965799116e-01
9.132684452721109292e-01
9.362468558632467408e-01
8.470084996151353574e-01
9.055278033077358568e-01
9.425057912261293191e-01
9.424901593511906261e-01
9.276486803501797773e-01
